image: Labmap.pgm
resolution: 0.050000
origin: [-7.324623, -11.204567, 0.000000]
negate: 0
occupied_thresh: 0.65
free_thresh: 0.196

