image: Labmap.pgm
resolution: 0.050000
origin: [-4.813485, -6.945311, 0.000000]
negate: 0
occupied_thresh: 0.65
free_thresh: 0.196

